50 54
50 58
50 52
48 64
34 50
34 36
34 38
34 42
29 31
29 61
29 30
19 51
19 20
19 23
19 27
13 29
13 45
13 14
13 15
3 19
3 7
3 11
3 35
3 4
57 58
57 59
57 61
54 62
54 56
44 48
44 60
39 40
39 47
39 55
25 29
25 57
25 26
25 27
22 54
22 24
22 30
12 44
12 16
12 28
7 39
7 8
7 15
7 23
58 62
58 60
51 52
51 59
51 55
45 46
45 61
45 47
40 48
40 56
32 64
21 29
21 22
21 53
21 23
11 12
11 43
11 15
11 27
2 34
2 10
2 18
2 4
2 6
63 64
52 60
52 56
46 48
46 62
33 34
33 37
33 35
33 49
33 41
31 32
31 63
20 52
20 24
20 28
14 46
14 16
14 30
1 3
1 2
1 33
1 17
1 9
1 5
59 63
59 60
53 54
53 61
53 55
43 44
43 59
43 47
37 39
37 45
37 53
37 38
26 58
26 30
26 28
24 32
24 56
10 12
10 14
10 26
10 42
8 40
8 24
8 16
62 64
36 44
36 40
36 52
17 19
17 25
17 21
17 18
17 49
15 31
15 16
15 47
61 63
61 62
35 39
35 51
35 43
35 36
18 50
18 22
18 20
18 26
16 48
16 32
60 64
38 54
38 40
38 46
23 31
23 24
23 55
9 13
9 25
9 11
9 10
9 41
49 50
49 57
49 51
49 53
47 48
47 63
30 32
30 62
4 12
4 20
4 8
4 36
56 64
42 44
42 58
42 46
27 31
27 59
27 28
5 13
5 7
5 21
5 37
5 6
55 63
55 56
41 57
41 45
41 43
41 42
28 32
28 60
6 22
6 14
6 8
6 38
