53 54
53 55
53 61
53 117
43 44
43 47
43 59
43 107
26 28
26 30
26 58
26 90
8 16
8 24
8 40
8 72
77 78
77 79
77 93
77 109
83 84
83 87
83 91
83 115
98 100
98 102
98 106
98 114
121 122
121 123
121 125
52 56
52 60
52 116
46 48
46 62
46 110
31 32
31 63
31 95
1 2
1 3
1 5
1 9
1 17
1 33
1 65
76 80
76 92
76 108
86 88
86 94
86 118
103 104
103 111
103 119
122 126
122 124
51 52
51 55
51 59
51 115
45 46
45 47
45 61
45 109
32 96
32 64
2 6
2 4
2 18
2 10
2 66
2 34
75 76
75 79
75 91
75 107
85 86
85 87
85 93
85 117
104 120
104 112
127 128
54 56
54 62
54 118
44 48
44 60
44 108
25 26
25 29
25 27
25 89
25 57
7 8
7 23
7 15
7 71
7 39
78 80
78 94
78 110
84 88
84 92
84 116
97 98
97 101
97 99
97 113
97 105
123 127
123 124
50 52
50 54
50 114
50 58
48 112
48 64
29 31
29 30
29 61
29 93
3 7
3 4
3 35
3 67
3 11
3 19
74 76
74 78
74 106
74 90
88 120
88 96
101 103
101 102
101 109
101 117
126 128
55 56
55 119
55 63
41 43
41 45
41 42
41 105
41 57
28 32
28 60
28 92
6 8
6 38
6 70
6 14
6 22
79 80
79 111
79 95
81 83
81 85
81 82
81 113
81 89
100 104
100 108
100 116
125 127
125 126
56 120
56 64
42 46
42 44
42 106
42 58
27 31
27 28
27 91
27 59
5 7
5 6
5 69
5 37
5 21
5 13
80 112
80 96
82 86
82 84
82 114
82 90
99 103
99 100
99 115
99 107
124 128
49 53
49 51
49 50
49 113
49 57
47 48
47 111
47 63
30 32
30 94
30 62
4 8
4 68
4 36
4 20
4 12
73 77
73 75
73 74
73 105
73 89
87 88
87 119
87 95
102 104
102 118
102 110
60 124
60 64
38 46
38 54
38 102
38 40
23 31
23 55
23 87
23 24
9 25
9 41
9 73
9 10
9 11
9 13
68 76
68 84
68 100
68 72
94 126
94 96
111 127
111 112
113 121
113 114
113 115
113 117
120 128
61 125
61 62
61 63
35 43
35 51
35 99
35 36
35 39
18 26
18 50
18 82
18 20
18 22
16 32
16 48
16 80
69 77
69 85
69 101
69 70
69 71
91 123
91 92
91 95
106 122
106 108
106 110
119 127
119 120
62 126
62 64
36 52
36 44
36 100
36 40
17 25
17 81
17 49
17 18
17 21
17 19
15 31
15 79
15 47
15 16
70 86
70 78
70 102
70 72
92 124
92 96
105 121
105 106
105 109
105 107
59 123
59 60
59 63
37 53
37 45
37 101
37 38
37 39
24 32
24 88
24 56
10 26
10 74
10 42
10 14
10 12
67 83
67 75
67 99
67 68
67 71
93 125
93 94
93 95
112 128
114 122
114 118
114 116
118 126
118 120
63 127
63 64
33 97
33 41
33 49
33 35
33 37
33 34
20 52
20 84
20 28
20 24
14 46
14 78
14 30
14 16
71 103
71 79
71 87
71 72
89 121
89 91
89 93
89 90
108 124
108 112
115 123
115 119
115 116
66 98
66 74
66 82
66 68
66 70
58 122
58 60
58 62
40 104
40 48
40 56
21 53
21 85
21 29
21 23
21 22
11 43
11 75
11 27
11 15
11 12
96 128
109 125
109 111
109 110
116 124
116 120
65 97
65 81
65 73
65 69
65 67
65 66
57 121
57 61
57 59
57 58
39 103
39 55
39 47
39 40
22 86
22 54
22 30
22 24
12 76
12 44
12 28
12 16
95 127
95 96
110 126
110 112
117 125
117 119
117 118
64 128
34 98
34 50
34 42
34 38
34 36
19 83
19 51
19 27
19 23
19 20
13 77
13 45
13 29
13 15
13 14
72 104
72 88
72 80
90 122
90 94
90 92
107 123
107 111
107 108
