36 19
36 40
35 36
35 39
6 28
6 18
6 13
37 39
37 38
32 14
32 40
10 12
10 29
10 20
10 11
39 40
24 2
17 35
17 18
17 22
15 17
15 33
15 16
15 20
2 4
30 32
30 38
12 13
12 22
12 31
8 19
8 14
3 6
3 26
3 16
3 11
34 36
34 38
33 35
33 34
33 37
23 40
26 34
26 28
26 30
25 33
25 26
25 27
25 29
13 32
13 23
1 7
38 40
22 39
22 23
19 24
16 34
16 18
16 21
31 32
31 39
14 24
9 15
9 3
9 25
9 5
9 10
5 6
5 17
5 27
5 12
40 24
29 37
29 30
29 31
20 37
20 22
20 21
28 36
28 32
28 8
27 35
27 28
27 31
18 36
18 23
21 23
21 38
11 30
11 13
11 21
7 9
