85 89
85 93
85 86
85 87
84 100
69 85
69 77
69 73
69 71
69 70
37 55
37 45
37 38
37 41
65 66
65 67
3 37
3 11
3 21
3 4
3 7
31 65
31 32
31 33
77 78
77 93
77 79
77 81
76 84
76 92
47 65
47 49
47 48
55 59
55 56
55 63
16 76
16 34
16 50
20 77
20 28
20 22
20 24
20 54
97 99
97 98
88 96
88 92
68 100
36 85
36 38
36 40
36 44
36 54
5 23
5 13
5 6
5 7
5 39
29 30
29 33
29 63
80 84
80 96
73 89
73 75
73 74
73 81
10 73
10 28
10 14
10 12
10 44
26 80
26 34
26 60
45 49
45 46
45 63
57 65
57 59
57 58
8 16
8 26
8 42
8 72
28 62
28 30
28 32
28 81
42 88
42 60
42 50
62 97
62 66
62 64
96 100
89 97
89 90
89 91
11 29
11 45
11 15
11 12
23 31
23 57
23 25
23 24
38 42
38 46
38 56
38 86
66 68
66 99
78 80
78 82
78 94
75 76
75 91
75 83
2 69
2 20
2 36
2 10
2 6
2 4
34 84
34 68
9 18
9 43
49 67
49 50
53 55
53 57
53 61
53 54
93 97
93 95
93 94
92 100
13 31
13 47
13 15
13 14
21 55
21 29
21 25
21 22
40 42
40 58
40 48
40 87
64 68
64 98
95 96
95 99
90 92
90 98
79 80
79 95
79 83
74 76
74 90
74 82
18 10
18 11
18 13
18 52
18 27
25 26
25 59
25 33
52 47
52 45
52 61
52 44
59 67
59 60
82 84
82 98
71 75
71 79
71 87
71 72
6 8
6 40
6 71
6 14
6 24
30 34
30 64
30 82
1 9
1 17
1 35
41 42
41 49
41 59
61 65
61 62
61 63
94 96
94 98
91 92
91 99
15 16
15 49
15 33
19 20
19 23
19 53
19 21
19 27
43 52
46 64
46 90
46 50
58 66
58 95
58 60
83 84
83 99
70 78
70 74
70 86
70 72
67 68
51 37
51 36
51 53
51 52
51 39
4 8
4 38
4 70
4 22
4 12
32 66
32 34
32 83
48 66
48 91
48 50
56 64
56 94
56 60
14 16
14 75
14 32
14 48
22 26
22 78
22 30
22 56
99 100
86 88
86 90
86 94
17 3
17 5
17 2
17 18
17 19
17 51
33 34
33 67
12 16
12 74
12 30
12 46
24 26
24 79
24 58
24 32
98 100
87 88
87 95
87 91
7 8
7 25
7 41
7 15
27 31
27 29
27 28
27 61
35 43
35 51
44 62
44 89
44 46
44 48
60 68
60 96
81 97
81 82
81 83
72 76
72 88
72 80
39 47
39 57
39 40
39 41
63 64
63 67
50 68
50 92
54 62
54 93
54 58
54 56
