63 64
40 56
40 48
28 60
28 32
17 21
17 25
17 49
17 18
17 19
9 25
9 10
9 13
9 41
9 11
62 64
47 63
47 48
38 40
38 46
38 54
31 63
31 32
24 56
24 32
2 4
2 34
2 10
2 6
2 18
53 55
53 61
53 54
44 60
44 48
35 39
35 36
35 51
35 43
16 48
16 32
14 16
14 46
14 30
5 21
5 13
5 6
5 7
5 37
59 63
59 60
57 59
57 61
57 58
50 54
50 58
50 52
22 24
22 54
22 30
21 53
21 22
21 23
21 29
4 20
4 36
4 8
4 12
55 63
55 56
34 38
34 50
34 36
34 42
33 35
33 34
33 49
33 41
33 37
26 28
26 58
26 30
25 57
25 26
25 27
25 29
15 47
15 31
15 16
60 64
46 62
46 48
45 47
45 46
45 61
10 14
10 26
10 42
10 12
3 35
3 4
3 7
3 19
3 11
1 17
1 9
1 2
1 5
1 33
1 3
61 63
61 62
56 64
54 62
54 56
27 28
27 31
27 59
20 28
20 24
20 52
13 14
13 15
13 45
13 29
58 62
58 60
48 64
39 40
39 47
39 55
30 62
30 32
23 31
23 24
23 55
6 38
6 14
6 22
6 8
49 53
49 57
49 50
49 51
41 57
41 45
41 43
41 42
36 40
36 44
36 52
32 64
8 40
8 24
8 16
7 15
7 39
7 23
7 8
52 60
52 56
51 59
51 55
51 52
43 47
43 44
43 59
29 31
29 61
29 30
18 50
18 22
18 26
18 20
42 44
42 46
42 58
37 38
37 53
37 45
37 39
19 27
19 20
19 23
19 51
12 28
12 44
12 16
11 15
11 27
11 43
11 12
