63 64
53 55
53 54
53 61
49 53
49 51
49 50
49 57
36 40
36 44
36 52
24 56
24 32
12 44
12 28
12 16
62 64
51 55
51 52
51 59
47 63
47 48
5 13
5 7
5 6
5 21
5 37
1 5
1 3
1 2
1 17
1 33
1 9
60 64
50 54
50 52
50 58
46 62
46 48
45 47
45 46
45 61
40 56
40 48
31 63
31 32
3 7
3 11
3 4
3 19
3 35
55 63
55 56
44 60
44 48
43 47
43 44
43 59
30 62
30 32
29 31
29 30
29 61
2 6
2 10
2 4
2 18
2 34
54 62
54 56
42 46
42 44
42 58
28 60
28 32
27 31
27 28
27 59
17 49
17 21
17 19
17 18
17 25
13 45
13 29
13 15
13 14
7 8
7 23
7 39
7 15
56 64
52 60
52 56
26 30
26 28
26 58
11 12
11 43
11 27
11 15
6 8
6 22
6 38
6 14
61 63
61 62
33 49
33 37
33 41
33 35
33 34
21 53
21 29
21 23
21 22
10 12
10 42
10 26
10 14
9 13
9 11
9 10
9 41
9 25
8 24
8 40
8 16
4 36
4 12
4 8
4 20
59 63
59 60
48 64
23 24
23 31
23 55
19 51
19 27
19 23
19 20
58 62
58 60
57 61
57 59
57 58
37 53
37 45
37 39
37 38
32 64
22 24
22 30
22 54
18 50
18 26
18 22
18 20
41 45
41 43
41 42
41 57
39 47
39 40
39 55
35 36
35 51
35 43
35 39
20 24
20 28
20 52
16 48
16 32
15 47
15 31
15 16
38 46
38 40
38 54
34 36
34 50
34 42
34 38
25 29
25 27
25 26
25 57
14 46
14 30
14 16
