101 117
101 109
101 103
101 102
116 120
116 124
24 88
24 56
24 32
3 19
3 7
3 11
3 67
3 35
3 4
13 15
13 77
13 45
13 14
13 29
66 74
66 82
66 70
66 68
66 98
104 120
104 112
123 127
123 124
117 119
117 118
117 125
16 80
16 48
16 32
34 42
34 50
34 38
34 36
34 98
19 23
19 83
19 51
19 20
19 27
90 94
90 92
90 122
120 128
58 62
58 60
58 122
99 115
99 103
99 107
99 100
109 111
109 110
109 125
74 90
74 78
74 76
74 106
7 15
7 23
7 71
7 39
7 8
94 96
94 126
11 15
11 75
11 43
11 12
11 27
42 58
42 46
42 44
42 106
112 128
82 90
82 86
82 84
82 114
31 95
31 63
31 32
62 64
62 126
115 116
115 123
115 119
70 86
70 78
70 72
70 102
15 16
15 31
15 79
15 47
50 58
50 54
50 52
50 114
103 104
103 111
103 119
89 90
89 93
89 91
89 121
38 54
38 46
38 40
38 102
107 123
107 111
107 108
23 24
23 31
23 87
23 55
57 58
57 61
57 59
57 121
127 128
92 96
92 124
86 94
86 88
86 118
65 66
65 81
65 69
65 73
65 67
65 97
111 112
111 127
60 64
60 124
54 62
54 56
54 118
33 34
33 49
33 37
33 41
33 35
33 97
68 84
68 72
68 76
68 100
78 94
78 80
78 110
119 120
119 127
81 82
81 89
81 85
81 83
81 113
36 52
36 40
36 44
36 100
46 62
46 48
46 110
69 101
69 70
69 77
69 85
69 71
49 50
49 57
49 53
49 51
49 113
84 116
84 92
84 88
73 74
73 89
73 77
73 75
73 105
37 101
37 38
37 45
37 53
37 39
72 104
72 80
72 88
93 94
93 95
93 125
52 116
52 60
52 56
41 42
41 57
41 45
41 43
41 105
76 92
76 80
76 108
77 109
77 78
77 93
77 79
40 104
40 48
40 56
61 62
61 63
61 125
26 90
26 58
26 30
26 28
44 60
44 48
44 108
45 109
45 46
45 61
45 47
96 128
85 117
85 86
85 93
85 87
64 128
2 66
2 34
2 18
2 6
2 10
2 4
80 112
80 96
67 99
67 68
67 75
67 83
67 71
48 112
48 64
35 99
35 36
35 43
35 51
35 39
53 117
53 54
53 61
53 55
122 126
122 124
88 120
88 96
91 123
91 92
91 95
18 82
18 50
18 26
18 22
18 20
75 107
75 76
75 91
75 79
56 120
56 64
59 123
59 60
59 63
95 127
95 96
98 114
98 102
98 106
98 100
43 107
43 44
43 59
43 47
6 70
6 38
6 14
6 22
6 8
83 115
83 84
83 91
83 87
63 127
63 64
10 74
10 42
10 26
10 14
10 12
71 103
71 72
71 87
71 79
51 115
51 52
51 59
51 55
30 94
30 62
30 32
114 116
114 122
114 118
39 103
39 40
39 55
39 47
14 16
14 78
14 46
14 30
1 3
1 65
1 33
1 2
1 9
1 17
1 5
102 104
102 110
102 118
87 119
87 88
87 95
106 122
106 110
106 108
4 68
4 36
4 12
4 20
4 8
22 24
22 86
22 54
22 30
25 89
25 57
25 26
25 29
25 27
126 128
55 119
55 56
55 63
9 13
9 11
9 73
9 41
9 10
9 25
79 111
79 80
79 95
110 112
110 126
97 101
97 99
97 98
97 105
97 113
28 92
28 60
28 32
29 31
29 93
29 61
29 30
47 111
47 48
47 63
12 16
12 76
12 44
12 28
17 19
17 81
17 49
17 18
17 25
17 21
121 123
121 122
121 125
118 120
118 126
100 116
100 104
100 108
32 96
32 64
5 13
5 7
5 69
5 37
5 6
5 21
105 109
105 107
105 106
105 121
20 24
20 84
20 52
20 28
125 127
125 126
124 128
8 24
8 16
8 72
8 40
108 112
108 124
113 117
113 115
113 114
113 121
27 31
27 91
27 59
27 28
21 23
21 85
21 53
21 22
21 29
